1	130 4.7 3.2 1.6 0.2
1	40 4.4 3.0 1.3 0.2
1	43 4.4 3.2 1.3 0.2
1	44 5.3 3.7 1.5 0.2
1	129 5.0 3.4 1.6 0.4
1	95 5.1 3.4 1.5 0.2
1	12 4.9 3.1 1.5 0.1
1	46 4.6 3.1 1.5 0.2
1	92 5.4 3.4 1.7 0.2
1	127 5.0 3.2 1.2 0.2
1	90 5.2 3.5 1.5 0.2
1	14 5.5 3.5 1.3 0.2
1	48 5.0 3.0 1.6 0.2
1	15 4.8 3.0 1.4 0.1
1	86 5.4 3.9 1.3 0.4
1	50 5.4 3.7 1.5 0.2
1	84 4.8 3.4 1.6 0.2
1	83 5.1 3.3 1.7 0.5
1	16 5.1 3.8 1.5 0.3
1	139 5.8 4.0 1.2 0.2
1	52 4.9 3.1 1.5 0.1
1	79 5.0 3.6 1.4 0.2
1	122 4.7 3.2 1.3 0.2
1	3 4.6 3.6 1.0 0.2
1	19 5.7 4.4 1.5 0.4
1	1 5.4 3.9 1.7 0.4
1	119 4.6 3.2 1.4 0.2
1	118 5.7 3.8 1.7 0.3
1	145 5.0 3.3 1.4 0.2
1	71 4.5 2.3 1.3 0.3
1	116 5.1 3.8 1.6 0.2
1	57 5.2 3.4 1.4 0.2
1	21 4.6 3.4 1.4 0.3
1	61 5.0 3.5 1.3 0.3
1	4 5.5 4.2 1.4 0.2
1	65 4.9 3.0 1.4 0.2
1	63 5.0 3.5 1.6 0.6
1	113 4.9 3.1 1.5 0.1
1	112 4.4 2.9 1.4 0.2
1	5 5.1 3.5 1.4 0.2
1	134 4.8 3.4 1.9 0.2
1	142 5.2 4.1 1.5 0.1
1	108 4.8 3.0 1.4 0.3
1	26 5.1 3.7 1.5 0.4
1	6 4.3 3.0 1.1 0.1
1	105 4.8 3.1 1.6 0.2
1	27 5.1 3.5 1.4 0.3
1	29 5.4 3.4 1.5 0.4
1	147 5.0 3.4 1.5 0.2
1	101 5.1 3.8 1.9 0.4
2	75 5.0 2.0 3.5 1.0
2	148 6.3 2.7 4.9 1.8
2	146 5.1 2.5 3.0 1.1
2	140 5.5 2.4 3.7 1.0
2	138 6.7 3.1 4.7 1.5
2	137 6.6 2.9 4.6 1.3
2	136 6.6 3.0 4.4 1.4
2	135 5.7 2.9 4.2 1.3
2	133 5.8 2.6 4.0 1.2
2	132 6.2 2.8 4.8 1.8
2	131 5.6 3.0 4.1 1.3
2	123 6.0 2.2 5.0 1.5
2	121 5.6 2.7 4.2 1.3
2	117 6.0 2.7 5.1 1.6
2	114 6.2 2.2 4.5 1.5
2	111 6.1 3.0 4.9 1.8
2	110 5.6 2.8 4.9 2.0
2	109 5.8 2.7 4.1 1.0
2	106 5.5 2.3 4.0 1.3
2	102 5.6 2.5 3.9 1.1
2	100 6.4 2.9 4.3 1.3
2	96 5.9 3.0 4.2 1.5
2	94 6.3 2.3 4.4 1.3
2	91 5.9 3.2 4.8 1.8
2	89 6.2 2.9 4.3 1.3
2	87 6.0 3.4 4.5 1.6
2	82 6.0 2.2 4.0 1.0
2	81 5.7 2.6 3.5 1.0
2	78 5.7 2.8 4.5 1.3
2	77 6.1 2.8 4.7 1.2
2	76 5.8 2.7 5.1 1.9
2	74 6.3 2.8 5.1 1.5
2	73 6.3 2.5 4.9 1.5
2	72 6.1 2.9 4.7 1.4
2	70 5.8 2.7 5.1 1.9
2	68 6.1 3.0 4.6 1.4
2	66 6.3 3.3 4.7 1.6
2	56 5.7 2.8 4.1 1.3
2	55 6.5 2.8 4.6 1.5
2	54 6.1 2.8 4.0 1.3
2	53 5.5 2.5 4.0 1.3
2	51 4.9 2.5 4.5 1.7
2	47 5.4 3.0 4.5 1.5
2	45 5.0 2.3 3.3 1.0
2	42 5.7 3.0 4.2 1.2
2	41 5.9 3.0 5.1 1.8
2	38 5.6 3.0 4.5 1.5
2	37 4.9 2.4 3.3 1.0
2	36 5.5 2.4 3.8 1.1
2	34 5.2 2.7 3.9 1.4
2	32 5.5 2.6 4.4 1.2
2	31 6.0 3.0 4.8 1.8
2	30 5.8 2.7 3.9 1.2
2	28 6.3 2.5 5.0 1.9
2	25 5.7 2.5 5.0 2.0
2	24 5.6 2.9 3.6 1.3
2	22 6.8 2.8 4.8 1.4
2	18 6.4 3.2 4.5 1.5
2	13 5.8 2.8 5.1 2.4
2	10 6.7 3.1 4.4 1.4
2	9 6.0 2.9 4.5 1.5
3	39 6.9 3.2 5.7 2.3
3	125 6.8 3.2 5.9 2.3
3	126 6.9 3.1 4.9 1.5
3	149 7.3 2.9 6.3 1.8
3	35 7.4 2.8 6.1 1.9
3	128 6.4 2.8 5.6 2.1
3	33 7.2 3.2 6.0 1.8
3	11 6.9 3.1 5.1 2.3
3	2 6.4 3.1 5.5 1.8
3	150 6.4 3.2 5.3 2.3
3	103 7.0 3.2 4.7 1.4
3	8 6.4 2.7 5.3 1.9
3	104 6.7 3.0 5.2 2.3
3	107 7.7 3.0 6.1 2.3
3	7 7.7 2.6 6.9 2.3
3	64 6.2 3.4 5.4 2.3
3	62 7.2 3.0 5.8 1.6
3	67 6.7 3.1 5.6 2.4
3	60 6.5 3.0 5.2 2.0
3	59 7.9 3.8 6.4 2.0
3	58 6.7 3.3 5.7 2.5
3	69 6.9 3.1 5.4 2.1
3	141 7.1 3.0 5.9 2.1
3	23 6.3 3.3 6.0 2.5
3	143 7.6 3.0 6.6 2.1
3	115 6.3 3.4 5.6 2.4
3	80 6.5 3.0 5.8 2.2
3	20 6.8 3.0 5.5 2.1
3	85 6.4 2.8 5.6 2.2
3	49 7.7 2.8 6.7 2.0
3	88 6.7 3.0 5.0 1.7
3	120 7.2 3.6 6.1 2.5
3	93 7.7 3.8 6.7 2.2
3	144 6.1 2.6 5.6 1.4
3	97 6.7 2.5 5.8 1.8
3	98 6.3 2.9 5.6 1.8
3	17 6.7 3.3 5.7 2.1
3	124 6.5 3.0 5.5 1.8
3	99 6.5 3.2 5.1 2.0
